0 0.66801 0.84364 0.48554 0.4328 0.63856 0.50938 0.32129 0.10616 0.56278 0.51739 0.40347 0.51874 0.49867 0.49944 0.41646
0 0 0.41527 0.67897 0.79693 0.8206 0.45288 0.53974 0.67149 0.8261 0.61701 0.72798 0.60228 0.59302 0.78648 0.62464
0 0 0 0.85823 0.84231 0.8968 0.63308 0.86118 0.77256 0.82168 0.85113 0.80522 0.84552 0.8494 0.82516 0.8676
0 0 0 0 0.24417 0.5541 0.53053 0.29022 0.5336 0.28543 0.1241 0.30829 0.024344 0.28836 0.3103 0.24928
0 0 0 0 0 0.45716 0.65287 0.48619 0.56277 0.062644 0.40774 0.13281 0.37068 0.44808 0.22382 0.19557
0 0 0 0 0 0 0.75528 0.62303 0.6202 0.39023 0.59344 0.51982 0.59263 0.62223 0.43641 0.57831
0 0 0 0 0 0 0 0.56584 0.36746 0.63441 0.62277 0.5727 0.5541 0.66051 0.65007 0.49561
0 0 0 0 0 0 0 0 0.43441 0.56037 0.18059 0.42703 0.27803 0.33816 0.43187 0.35393
0 0 0 0 0 0 0 0 0 0.53039 0.57739 0.47498 0.62478 0.66573 0.45448 0.5324
0 0 0 0 0 0 0 0 0 0 0.56051 0.22691 0.34872 0.5174 0.28836 0.42329
0 0 0 0 0 0 0 0 0 0 0 0.38622 0.091844 0.1265 0.26051 0.29131
0 0 0 0 0 0 0 0 0 0 0 0 0.37886 0.53949 0.18191 0.1822
0 0 0 0 0 0 0 0 0 0 0 0 0 0.13426 0.31782 0.33362
0 0 0 0 0 0 0 0 0 0 0 0 0 0 0.50014 0.40766
0 0 0 0 0 0 0 0 0 0 0 0 0 0 0 0.31754
0 0 0 0 0 0 0 0 0 0 0 0 0 0 0 0
