0.0005747250 0.4022988750 0.3801314000 0.7564146500 0.2962011500 0.4875615750 0.3489187250 0.4649876250 0.5346469250 0.5328868500 0.4784483500 0.6917898750 0.4658867250 0.4322208500
0.0000000000 0.0034482750 0.3275394750 0.7398235250 0.1334180250 0.3894910000 0.5183908500 0.4376026500 0.4933087250 0.6271946250 0.4335386000 0.7966856000 0.4560304000 0.3540912000
0.0000000000 0.0000000000 0.0077175750 0.7433876750 0.2892760000 0.3904663250 0.4623382500 0.4159277000 0.5705526000 0.5905582750 0.3853228000 0.7800082750 0.4908456500 0.4994253250
0.0000000000 0.0000000000 0.0000000000 0.0065270750 0.6899425000 0.8126173750 0.6460180250 0.5922602750 0.4529459750 0.3621511000 0.7694991750 0.3919130000 0.5802545500 0.6955665000
0.0000000000 0.0000000000 0.0000000000 0.0000000000 0.0000821000 0.4132183500 0.4116486750 0.3397685750 0.4442118750 0.5906634250 0.3870279250 0.7049188500 0.4351568500 0.3942528500
0.0000000000 0.0000000000 0.0000000000 0.0000000000 0.0000000000 0.0000410500 0.2841134000 0.5481117250 0.7552545000 0.7002873750 0.3274631250 0.7987422250 0.6857963750 0.3379721000
0.0000000000 0.0000000000 0.0000000000 0.0000000000 0.0000000000 0.0000000000 0.0004105000 0.4174056000 0.5768251500 0.4900246750 0.3613711500 0.5949507250 0.5242611750 0.2241305500
0.0000000000 0.0000000000 0.0000000000 0.0000000000 0.0000000000 0.0000000000 0.0000000000 0.0043514000 0.4930213750 0.5173383500 0.4763958000 0.6422414250 0.5114122000 0.4163654000
0.0000000000 0.0000000000 0.0000000000 0.0000000000 0.0000000000 0.0000000000 0.0000000000 0.0000000000 0.0024220000 0.3728243250 0.6803776750 0.4872331750 0.3205977500 0.5513957000
0.0000000000 0.0000000000 0.0000000000 0.0000000000 0.0000000000 0.0000000000 0.0000000000 0.0000000000 0.0000000000 0.0018472750 0.6607595250 0.4489187500 0.4228653750 0.5323629500
0.0000000000 0.0000000000 0.0000000000 0.0000000000 0.0000000000 0.0000000000 0.0000000000 0.0000000000 0.0000000000 0.0000000000 0.0069376000 0.7260575500 0.5411330500 0.2953761000
0.0000000000 0.0000000000 0.0000000000 0.0000000000 0.0000000000 0.0000000000 0.0000000000 0.0000000000 0.0000000000 0.0000000000 0.0000000000 0.0003284000 0.5413834750 0.6756978750
0.0000000000 0.0000000000 0.0000000000 0.0000000000 0.0000000000 0.0000000000 0.0000000000 0.0000000000 0.0000000000 0.0000000000 0.0000000000 0.0000000000 0.0000000000 0.5181445000
0.0000000000 0.0000000000 0.0000000000 0.0000000000 0.0000000000 0.0000000000 0.0000000000 0.0000000000 0.0000000000 0.0000000000 0.0000000000 0.0000000000 0.0000000000 0.0074302250
