0.0000000000 0.6267123288 0.8938356164 0.8630136986 0.2705479452 0.5976027397 0.9041095890 0.6780821918 0.8886986301 1.0000000000 0.9006849315 0.7671232877 0.8869863014 0.7123287671 0.9109589041
0.0000000000 0.0188356164 0.6181506849 0.4708904110 0.8938356164 0.2825342466 0.6369863014 0.8630136986 0.6712328767 0.7859589041 0.7842465753 0.6541095890 0.6729452055 0.9845890411 0.6866438356
0.0000000000 0.0000000000 0.0000000000 0.6352739726 0.7003424658 0.5684931507 0.2756849315 0.5873287671 0.4315068493 0.3647260274 0.4366438356 0.5565068493 0.3818493151 0.7363013699 0.7243150685
0.0000000000 0.0000000000 0.0000000000 0.0017123288 0.9469178082 0.4606164384 0.5787671233 0.8715753425 0.5445205479 0.5958904110 0.6797945205 0.6575342466 0.6489726027 0.9503424658 0.3510273973
0.0000000000 0.0000000000 0.0000000000 0.0000000000 0.0000000000 0.8784246575 0.8065068493 0.3390410959 0.7773972603 0.8167808219 0.6061643836 0.8253424658 0.8082191781 0.4863013699 0.9931506849
0.0000000000 0.0000000000 0.0000000000 0.0000000000 0.0000000000 0.0000000000 0.6250000000 0.8595890411 0.5205479452 0.7414383562 0.6695205479 0.4982876712 0.4777397260 0.9691780822 0.6643835616
0.0000000000 0.0000000000 0.0000000000 0.0000000000 0.0000000000 0.0000000000 0.0000000000 0.6797945205 0.4126712329 0.3167808219 0.4708904110 0.5530821918 0.5410958904 0.8955479452 0.4520547945
0.0000000000 0.0000000000 0.0000000000 0.0000000000 0.0000000000 0.0000000000 0.0000000000 0.0000000000 0.7003424658 0.6044520548 0.6678082192 0.8544520548 0.7448630137 0.4828767123 0.9691780822
0.0000000000 0.0000000000 0.0000000000 0.0000000000 0.0000000000 0.0000000000 0.0000000000 0.0000000000 0.0000000000 0.3989726027 0.3904109589 0.3955479452 0.5273972603 0.8732876712 0.6404109589
0.0000000000 0.0000000000 0.0000000000 0.0000000000 0.0000000000 0.0000000000 0.0000000000 0.0000000000 0.0000000000 0.0000000000 0.3493150685 0.6455479452 0.6027397260 0.7157534247 0.4229452055
0.0000000000 0.0000000000 0.0000000000 0.0000000000 0.0000000000 0.0000000000 0.0000000000 0.0000000000 0.0000000000 0.0000000000 0.0308219178 0.4726027397 0.5462328767 0.6917808219 0.7979452055
0.0000000000 0.0000000000 0.0000000000 0.0000000000 0.0000000000 0.0000000000 0.0000000000 0.0000000000 0.0000000000 0.0000000000 0.0000000000 0.0205479452 0.5068493151 0.9041095890 0.6678082192
0.0000000000 0.0000000000 0.0000000000 0.0000000000 0.0000000000 0.0000000000 0.0000000000 0.0000000000 0.0000000000 0.0000000000 0.0000000000 0.0000000000 0.0000000000 0.8613013699 0.8750000000
0.0000000000 0.0000000000 0.0000000000 0.0000000000 0.0000000000 0.0000000000 0.0000000000 0.0000000000 0.0000000000 0.0000000000 0.0000000000 0.0000000000 0.0000000000 0.0000000000 0.9743150685
0.0000000000 0.0000000000 0.0000000000 0.0000000000 0.0000000000 0.0000000000 0.0000000000 0.0000000000 0.0000000000 0.0000000000 0.0000000000 0.0000000000 0.0000000000 0.0000000000 0.0000000000
