0.0000000000 0.7339455000 0.6866885000 0.7712640000 0.5325110000 0.7085710000 0.6982120000 0.7037515000 0.7720455000 0.7557120000 0.5823770000 0.2955612000 0.8278325000 0.2312201000 0.7623985000 0.5358940000 0.6985015000 0.4726270000 0.4696255000 0.5289215000 0.6065195000 0.4855680000 0.6579810000 0.3393130000
0.0000000000 0.0000000000 0.4948215000 0.6110545000 0.6177935000 0.3716506500 0.4763344500 0.4517520000 0.2678984500 0.4431340000 0.6829035000 0.6402189500 0.5512798500 0.6799525000 0.3620360500 0.5296915000 0.5444950000 0.7152230000 0.6732970000 0.6320205000 0.5673180000 0.3495955000 0.4069045000 0.6808350000
0.0000000000 0.0000000000 0.0000000000 0.6568065000 0.2654818500 0.5472345000 0.5643955000 0.4715535000 0.2634001500 0.3284610000 0.6025975000 0.5714160000 0.5607840000 0.5801100000 0.2669923500 0.5406870000 0.5053550000 0.3841783500 0.5150965000 0.3495790000 0.2816085000 0.5254230000 0.3989230000 0.4739065000
0.0000000000 0.0000000000 0.0000000000 0.0000000000 0.6910025000 0.5035765000 0.8161800000 0.4152640000 0.7102895000 0.6059290000 0.5974330000 0.6141340000 0.3985615000 0.6598650000 0.7333950000 0.8267170000 0.4835259500 0.6921670000 0.6493110000 0.7757655000 0.6751070000 0.6588955000 0.4545140000 0.7018355000
0.0000000000 0.0000000000 0.0000000000 0.0000000000 0.0000000000 0.5174715000 0.4677470000 0.5545775000 0.4397960000 0.4336315000 0.5152470000 0.4251405000 0.6864870000 0.4602455000 0.4243775000 0.4673130000 0.4632915000 0.4189720000 0.2988904500 0.3117909500 0.1062891150 0.6253465000 0.4137164500 0.2920845000
0.0000000000 0.0000000000 0.0000000000 0.0000000000 0.0000000000 0.0000000000 0.5744920000 0.3536250000 0.5671340000 0.4108945000 0.4658299500 0.6064960000 0.3570805000 0.5938670000 0.6057460000 0.6210730000 0.3011310000 0.6997470000 0.4627840000 0.6198040000 0.5635405000 0.4689525000 0.1871389500 0.5491865000
0.0000000000 0.0000000000 0.0000000000 0.0000000000 0.0000000000 0.0000000000 0.0000000000 0.5303640000 0.4894560000 0.5600145000 0.5332345000 0.6605025000 0.7168375000 0.5900245000 0.4468005000 0.2787386000 0.5405230000 0.5516075000 0.5447405000 0.5778550000 0.5195360000 0.3802745000 0.4728775000 0.5220210000
0.0000000000 0.0000000000 0.0000000000 0.0000000000 0.0000000000 0.0000000000 0.0000000000 0.0000000000 0.5017145000 0.3039950000 0.5692765000 0.4140925000 0.5406495000 0.4148105000 0.5090755000 0.6494310000 0.2714804500 0.4685118500 0.6590475000 0.5251705000 0.5213090000 0.3612505000 0.1470774500 0.5528165000
0.0000000000 0.0000000000 0.0000000000 0.0000000000 0.0000000000 0.0000000000 0.0000000000 0.0000000000 0.0000000000 0.2392110000 0.6538155000 0.6660540000 0.6706585000 0.7295685000 0.1495314000 0.4728325000 0.5177150000 0.5139260000 0.5876640000 0.4027305000 0.3795760000 0.5307565000 0.4017555000 0.5138620000
0.0000000000 0.0000000000 0.0000000000 0.0000000000 0.0000000000 0.0000000000 0.0000000000 0.0000000000 0.0000000000 0.0000000000 0.5618139500 0.5315920000 0.6334940000 0.6375390000 0.3027763500 0.5179960000 0.4187785000 0.4658220000 0.5779595000 0.3500425000 0.4776275000 0.5275145000 0.3695010000 0.4756650000
0.0000000000 0.0000000000 0.0000000000 0.0000000000 0.0000000000 0.0000000000 0.0000000000 0.0000000000 0.0000000000 0.0000000000 0.0000000000 0.4306845000 0.4910874500 0.5612100000 0.6058905000 0.6176055000 0.3392338000 0.5718795000 0.2155251500 0.5262790000 0.5512180000 0.6331775000 0.4070130000 0.3783545000
0.0000000000 0.0000000000 0.0000000000 0.0000000000 0.0000000000 0.0000000000 0.0000000000 0.0000000000 0.0000000000 0.0000000000 0.0000000000 0.0000000000 0.7139325000 0.3258156500 0.6408035000 0.5684500000 0.4575480000 0.2679960500 0.3273151500 0.4179970000 0.3880345000 0.5355290000 0.4417700000 0.1600797500
0.0000000000 0.0000000000 0.0000000000 0.0000000000 0.0000000000 0.0000000000 0.0000000000 0.0000000000 0.0000000000 0.0000000000 0.0000000000 0.0000000000 0.0000000000 0.7327895000 0.6968135000 0.7466540000 0.4228700000 0.7914580000 0.6770880000 0.7607370000 0.7452770000 0.6864215000 0.4890219500 0.7056265000
0.0000000000 0.0000000000 0.0000000000 0.0000000000 0.0000000000 0.0000000000 0.0000000000 0.0000000000 0.0000000000 0.0000000000 0.0000000000 0.0000000000 0.0000000000 0.0000000000 0.7024965000 0.5098130000 0.6304035000 0.3561360000 0.5190085000 0.4827240000 0.5102940000 0.5881150000 0.5342420000 0.3254265000
0.0000000000 0.0000000000 0.0000000000 0.0000000000 0.0000000000 0.0000000000 0.0000000000 0.0000000000 0.0000000000 0.0000000000 0.0000000000 0.0000000000 0.0000000000 0.0000000000 0.0000000000 0.4203945000 0.5168240000 0.4896190000 0.5642290000 0.3134525000 0.3795330000 0.4917255000 0.4815310000 0.4829770000
0.0000000000 0.0000000000 0.0000000000 0.0000000000 0.0000000000 0.0000000000 0.0000000000 0.0000000000 0.0000000000 0.0000000000 0.0000000000 0.0000000000 0.0000000000 0.0000000000 0.0000000000 0.0000000000 0.5488565000 0.5304100000 0.4389965000 0.4916625000 0.4188745000 0.2860920000 0.5370925000 0.4244475000
0.0000000000 0.0000000000 0.0000000000 0.0000000000 0.0000000000 0.0000000000 0.0000000000 0.0000000000 0.0000000000 0.0000000000 0.0000000000 0.0000000000 0.0000000000 0.0000000000 0.0000000000 0.0000000000 0.0000000000 0.6677090000 0.4475300000 0.4595070000 0.4437630000 0.4879690000 0.1470909000 0.4244560000
0.0000000000 0.0000000000 0.0000000000 0.0000000000 0.0000000000 0.0000000000 0.0000000000 0.0000000000 0.0000000000 0.0000000000 0.0000000000 0.0000000000 0.0000000000 0.0000000000 0.0000000000 0.0000000000 0.0000000000 0.0000000000 0.5124855000 0.1905064500 0.3726215000 0.5733895000 0.5916800000 0.4128280000
0.0000000000 0.0000000000 0.0000000000 0.0000000000 0.0000000000 0.0000000000 0.0000000000 0.0000000000 0.0000000000 0.0000000000 0.0000000000 0.0000000000 0.0000000000 0.0000000000 0.0000000000 0.0000000000 0.0000000000 0.0000000000 0.0000000000 0.3758745000 0.3406590000 0.5361000000 0.4692315000 0.2229703500
0.0000000000 0.0000000000 0.0000000000 0.0000000000 0.0000000000 0.0000000000 0.0000000000 0.0000000000 0.0000000000 0.0000000000 0.0000000000 0.0000000000 0.0000000000 0.0000000000 0.0000000000 0.0000000000 0.0000000000 0.0000000000 0.0000000000 0.0000000000 0.4078715000 0.5514075000 0.4924805000 0.3157275000
0.0000000000 0.0000000000 0.0000000000 0.0000000000 0.0000000000 0.0000000000 0.0000000000 0.0000000000 0.0000000000 0.0000000000 0.0000000000 0.0000000000 0.0000000000 0.0000000000 0.0000000000 0.0000000000 0.0000000000 0.0000000000 0.0000000000 0.0000000000 0.0000000000 0.5711615000 0.5383730000 0.3050220000
0.0000000000 0.0000000000 0.0000000000 0.0000000000 0.0000000000 0.0000000000 0.0000000000 0.0000000000 0.0000000000 0.0000000000 0.0000000000 0.0000000000 0.0000000000 0.0000000000 0.0000000000 0.0000000000 0.0000000000 0.0000000000 0.0000000000 0.0000000000 0.0000000000 0.0000000000 0.4131220000 0.5481540000
0.0000000000 0.0000000000 0.0000000000 0.0000000000 0.0000000000 0.0000000000 0.0000000000 0.0000000000 0.0000000000 0.0000000000 0.0000000000 0.0000000000 0.0000000000 0.0000000000 0.0000000000 0.0000000000 0.0000000000 0.0000000000 0.0000000000 0.0000000000 0.0000000000 0.0000000000 0.0000000000 0.3692829500
0.0000000000 0.0000000000 0.0000000000 0.0000000000 0.0000000000 0.0000000000 0.0000000000 0.0000000000 0.0000000000 0.0000000000 0.0000000000 0.0000000000 0.0000000000 0.0000000000 0.0000000000 0.0000000000 0.0000000000 0.0000000000 0.0000000000 0.0000000000 0.0000000000 0.0000000000 0.0000000000 0.0000000000
