0.0000000000 0.8321212121 0.8245454545 0.8906060606 0.7015151515 0.8027272727 0.8045454545 0.6990909091 0.7766666667 0.8039393939 0.7412121212 0.4218181818 0.8693939394 0.3524242424 0.8169696970 0.6669696970 0.8060606061 0.5521212121 0.6472727273 0.6669696970 0.7018181818 0.5657575758 0.7200000000 0.4263636364
0.0000000000 0.0000000000 0.6448484848 0.8200000000 0.7006060606 0.4948484848 0.6275757576 0.6812121212 0.4139393939 0.5287878788 0.7154545455 0.8181818182 0.6118181818 0.8300000000 0.4415151515 0.6390909091 0.5893939394 0.8115151515 0.7651515152 0.7339393939 0.6451515152 0.5172727273 0.5336363636 0.7481818182
0.0000000000 0.0000000000 0.0000000000 0.7630303030 0.3169696970 0.6224242424 0.6527272727 0.5975757576 0.3069696970 0.3027272727 0.6981818182 0.6778787879 0.7060606061 0.7315151515 0.3509090909 0.6630303030 0.6142424242 0.5178787879 0.6642424242 0.4639393939 0.3763636364 0.6536363636 0.4881818182 0.5963636364
0.0000000000 0.0000000000 0.0000000000 0.0000000000 0.7330303030 0.6587878788 0.8442424242 0.4845454545 0.7960606061 0.6939393939 0.7357575758 0.7309090909 0.4245454545 0.7545454545 0.8369696970 0.8806060606 0.6306060606 0.7900000000 0.7996969697 0.8575757576 0.7403030303 0.7160606061 0.6481818182 0.8106060606
0.0000000000 0.0000000000 0.0000000000 0.0000000000 0.0000000000 0.6654545455 0.5936363636 0.6436363636 0.5484848485 0.4606060606 0.5742424242 0.6263636364 0.7427272727 0.6700000000 0.5745454545 0.5587878788 0.5524242424 0.5148484848 0.4575757576 0.4169696970 0.1887878788 0.7109090909 0.5781818182 0.4163636364
0.0000000000 0.0000000000 0.0000000000 0.0000000000 0.0000000000 0.0000000000 0.5472727273 0.5115151515 0.6409090909 0.5224242424 0.5418181818 0.7196969697 0.3942424242 0.7257575758 0.7090909091 0.7254545455 0.4181818182 0.7854545455 0.6448484848 0.7406060606 0.6506060606 0.5000000000 0.3960606061 0.6839393939
0.0000000000 0.0000000000 0.0000000000 0.0000000000 0.0000000000 0.0000000000 0.0000000000 0.6400000000 0.5445454545 0.6875757576 0.5381818182 0.7324242424 0.7387878788 0.7306060606 0.5333333333 0.3566666667 0.5933333333 0.7427272727 0.6318181818 0.6593939394 0.6045454545 0.5281818182 0.5584848485 0.5909090909
0.0000000000 0.0000000000 0.0000000000 0.0000000000 0.0000000000 0.0000000000 0.0000000000 0.0000000000 0.5809090909 0.4172727273 0.6603030303 0.3933333333 0.6987878788 0.5703030303 0.6960606061 0.7187878788 0.4009090909 0.5706060606 0.7742424242 0.7036363636 0.7003030303 0.4545454545 0.3006060606 0.6839393939
0.0000000000 0.0000000000 0.0000000000 0.0000000000 0.0000000000 0.0000000000 0.0000000000 0.0000000000 0.0000000000 0.2815151515 0.7057575758 0.6951515152 0.7812121212 0.8190909091 0.2045454545 0.5645454545 0.6260606061 0.6300000000 0.6521212121 0.5224242424 0.5033333333 0.6763636364 0.5415151515 0.6163636364
0.0000000000 0.0000000000 0.0000000000 0.0000000000 0.0000000000 0.0000000000 0.0000000000 0.0000000000 0.0000000000 0.0000000000 0.7375757576 0.6451515152 0.6939393939 0.7321212121 0.4512121212 0.6424242424 0.5066666667 0.5745454545 0.6642424242 0.4266666667 0.4645454545 0.6084848485 0.4796969697 0.5790909091
0.0000000000 0.0000000000 0.0000000000 0.0000000000 0.0000000000 0.0000000000 0.0000000000 0.0000000000 0.0000000000 0.0000000000 0.0000000000 0.6360606061 0.6230303030 0.7778787879 0.7236363636 0.6984848485 0.4339393939 0.7227272727 0.4021212121 0.6642424242 0.5784848485 0.7400000000 0.5318181818 0.4854545455
0.0000000000 0.0000000000 0.0000000000 0.0000000000 0.0000000000 0.0000000000 0.0000000000 0.0000000000 0.0000000000 0.0000000000 0.0000000000 0.0000000000 0.7960606061 0.4333333333 0.7124242424 0.7057575758 0.6166666667 0.3545454545 0.5439393939 0.5890909091 0.5572727273 0.5739393939 0.5587878788 0.3266666667
0.0000000000 0.0000000000 0.0000000000 0.0000000000 0.0000000000 0.0000000000 0.0000000000 0.0000000000 0.0000000000 0.0000000000 0.0000000000 0.0000000000 0.0000000000 0.8645454545 0.7651515152 0.8181818182 0.4827272727 0.8515151515 0.7772727273 0.8006060606 0.7721212121 0.6830303030 0.4975757576 0.8006060606
0.0000000000 0.0000000000 0.0000000000 0.0000000000 0.0000000000 0.0000000000 0.0000000000 0.0000000000 0.0000000000 0.0000000000 0.0000000000 0.0000000000 0.0000000000 0.0000000000 0.8293939394 0.6803030303 0.7569696970 0.5396969697 0.6675757576 0.6800000000 0.6933333333 0.6609090909 0.6560606061 0.4581818182
0.0000000000 0.0000000000 0.0000000000 0.0000000000 0.0000000000 0.0000000000 0.0000000000 0.0000000000 0.0000000000 0.0000000000 0.0000000000 0.0000000000 0.0000000000 0.0000000000 0.0000000000 0.5303030303 0.6309090909 0.5554545455 0.6121212121 0.4006060606 0.5345454545 0.5996969697 0.6106060606 0.6066666667
0.0000000000 0.0000000000 0.0000000000 0.0000000000 0.0000000000 0.0000000000 0.0000000000 0.0000000000 0.0000000000 0.0000000000 0.0000000000 0.0000000000 0.0000000000 0.0000000000 0.0000000000 0.0000000000 0.6948484848 0.6539393939 0.5203030303 0.5115151515 0.5427272727 0.5024242424 0.6566666667 0.4545454545
0.0000000000 0.0000000000 0.0000000000 0.0000000000 0.0000000000 0.0000000000 0.0000000000 0.0000000000 0.0000000000 0.0000000000 0.0000000000 0.0000000000 0.0000000000 0.0000000000 0.0000000000 0.0000000000 0.0000000000 0.7569696970 0.6057575758 0.6293939394 0.6109090909 0.5224242424 0.1360606061 0.5957575758
0.0000000000 0.0000000000 0.0000000000 0.0000000000 0.0000000000 0.0000000000 0.0000000000 0.0000000000 0.0000000000 0.0000000000 0.0000000000 0.0000000000 0.0000000000 0.0000000000 0.0000000000 0.0000000000 0.0000000000 0.0000000000 0.6845454545 0.2745454545 0.4896969697 0.6833333333 0.7300000000 0.5621212121
0.0000000000 0.0000000000 0.0000000000 0.0000000000 0.0000000000 0.0000000000 0.0000000000 0.0000000000 0.0000000000 0.0000000000 0.0000000000 0.0000000000 0.0000000000 0.0000000000 0.0000000000 0.0000000000 0.0000000000 0.0000000000 0.0000000000 0.5533333333 0.4609090909 0.7024242424 0.6072727273 0.3218181818
0.0000000000 0.0000000000 0.0000000000 0.0000000000 0.0000000000 0.0000000000 0.0000000000 0.0000000000 0.0000000000 0.0000000000 0.0000000000 0.0000000000 0.0000000000 0.0000000000 0.0000000000 0.0000000000 0.0000000000 0.0000000000 0.0000000000 0.0000000000 0.4330303030 0.6812121212 0.6269696970 0.3851515152
0.0000000000 0.0000000000 0.0000000000 0.0000000000 0.0000000000 0.0000000000 0.0000000000 0.0000000000 0.0000000000 0.0000000000 0.0000000000 0.0000000000 0.0000000000 0.0000000000 0.0000000000 0.0000000000 0.0000000000 0.0000000000 0.0000000000 0.0000000000 0.0000000000 0.6803030303 0.6221212121 0.4290909091
0.0000000000 0.0000000000 0.0000000000 0.0000000000 0.0000000000 0.0000000000 0.0000000000 0.0000000000 0.0000000000 0.0000000000 0.0000000000 0.0000000000 0.0000000000 0.0000000000 0.0000000000 0.0000000000 0.0000000000 0.0000000000 0.0000000000 0.0000000000 0.0000000000 0.0000000000 0.4603030303 0.5900000000
0.0000000000 0.0000000000 0.0000000000 0.0000000000 0.0000000000 0.0000000000 0.0000000000 0.0000000000 0.0000000000 0.0000000000 0.0000000000 0.0000000000 0.0000000000 0.0000000000 0.0000000000 0.0000000000 0.0000000000 0.0000000000 0.0000000000 0.0000000000 0.0000000000 0.0000000000 0.0000000000 0.5112121212
0.0000000000 0.0000000000 0.0000000000 0.0000000000 0.0000000000 0.0000000000 0.0000000000 0.0000000000 0.0000000000 0.0000000000 0.0000000000 0.0000000000 0.0000000000 0.0000000000 0.0000000000 0.0000000000 0.0000000000 0.0000000000 0.0000000000 0.0000000000 0.0000000000 0.0000000000 0.0000000000 0.0000000000
